1
2
3
4
5
6
7
8
9
10
5
5
5
5
5
5
5
0
5
5
5
5
5
5
40
40
40
40
40
40
40
40
40
40
40
40
40
40
40
40
40
40
40
40
26
26
26
26
26
26
26
26
26
26
26
26
26
26
26
26
26
26
26
26
72
72
72
72
72
72
72
72
72
72
72
72
72
72
72
72
72
72
72
72
36
36
36
36
36
36
36
36
36
36
36
36
36
36
36
36
36
36
36
36
11
11
11
11
11
11
11
11
11
11
11
11
11
11
11
11
11
11
11
11
68
68
68
68
68
68
68
68
68
68
68
68
68
68
68
68
68
68
68
68
67
67
67
67
67
67
67
67
67
67
67
67
67
67
67
67
67
67
67
67
29
29
29
29
29
29
29
29
13
57
24
95
82
45
14
94
39
95
70
34
78
67
1
97
29
3
19
70
68
8
15
40
49
96
9
81
19
36
32
55
94
4
79
69
6
84
21
42
68
28
89
72
8
58
98
36
8
53
48
3
33
33
48
90
54
67
46
68
29
0
46
88
97
49
90
3
33
63
97
53
92
86
25
52
96
75
88
57
29
36
60
14
21
60
4
28
27
50
48
56
2
94
97
99
43
39
2
28
3
0
81
47
38
59
51
35
34
39
92
15
27
4
29
49
64
85
29
43
35
77
0
38
71
49
89
67
88
92
95
43
44
29
90
82
93
35
86
92
49
21
62
27
90
59
63
26
40
26
72
36
11
68
67
29
82
30
62
23
67
35
29
2
22
58
69
67
93
56
11
42
29
73
21
19
84
37
98
24
15
70
13
26
91
80
56
73
62
70
96
81
5
25
84
27
36
5
46
29
13
57
24
95
82
45
14
67
34
64
43
50
87
8
76
78
88
84
3
51
54
99
32
60
76
68
39
12
26
86
94
39
95
70
34
78
1
80
86
41
65
89
44
19
40
29
31
17
97
71
81
75
9
27
67
56
97
53
86
65
6
83
19
24
28
71
32
29
3
19
70
68
8
15
40
49
96
23
18
45
46
51
21
55
79
88
64
28
41
50
93
0
34
64
24
14
87
56
43
91
27
65
59
36
32
51
37
28
75
7
74
21
58
95
29
37
35
93
18
28
43
11
28
29
76
4
43
63
13
38
6
40
4
18
28
88
27
90
59
63
26
40
26
72
36
11
68
67
29
82
30
62
23
67
35
29
2
22
58
69
67
93
56
11
42
29
73
21
19
84
37
98
24
15
70
13
26
91
80
56
73
62
70
96
81
5
25
84
27
36
5
46
29
13
57
24
95
82
45
14
67
34
64
43
50
87
8
76
78
88
84
3
51
54
99
32
60
76
68
39
12
26
86
94
39
95
70
34
78
67
1
97
2
17
92
52
56
1
80
86
41
65
89
44
19
40
29
31
17
97
71
81
75
9
27
67
56
97
53
86
65
6
83
19
24
28
71
32
29
3
19
70
68
8
15
40
49
96
23
18
45
46
51
21
55
79
88
64
28
41
50
93
0
34
64
24
14
87
56
43
91
27
65
59
36
32
51
37
28
75
7
74
21
58
95
29
37
35
93
18
28
43
11
28
29
76
4
43
63
13
38
6
40
4
18
28
88
69
17
17
96
24
43
70
83
90
99
72
25
44
90
5
39
54
86
69
82
42
64
97
7
55
4
48
11
22
28
99
43
46
68
40
22
11
10
5
1
61
30
78
5
20
36
44
26
22
65
8
16
82
58
24
37
62
24
0
36
52
99
79
50
68
71
73
31
81
30
33
94
60
63
99
81
99
96
59
73
13
68
90
95
26
66
84
40
90
84
76
42
36
7
45
56
79
18
87
12
48
72
59
9
36
10
42
87
6
1
13
72
21
55
19
99
21
4
39
11
40
67
5
28
27
50
84
58
20
24
22
69
96
81
30
84
92
72
72
50
25
85
22
99
40
42
98
13
98
90
24
90
9
81
19
36
32
55
94
4
79
69
73
76
50
55
60
42
79
84
93
5
21
67
4
13
61
54
26
59
44
2
2
6
84
21
42
68
28
89
72
8
58
98
36
8
53
48
81
47
38
59
51
35
34
39
92
15
27
4
29
49
77
0
38
71
49
92
95
43
44
29
90
41
69
26
32
61
42
23
61
81
9
90
96
67
77
34
90
26
24
57
14
68
12
86
0
46
26
94
22
54
35
21
57
65
47
71
76
69
18
1
3
83
76
54
77
9
87
32
82
21
66
63
60
82
11
85
86
85
30
90
83
14
76
16
20
92
25
28
39
25
90
36
60
18
43
37
28
82
21
10
55
88
25
15
70
37
53
8
22
83
50
57
97
27
26
69
71
51
49
10
28
39
98
88
10
93
77
90
76
99
52
31
87
77
99
57
66
52
17
41
35
68
98
84
95
76
5
66
28
54
28
8
93
78
97
55
72
74
45
0
25
97
83
12
27
82
21
93
34
39
34
21
59
85
57
54
61
62
72
41
16
52
50
62
82
99
17
54
73
15
6
51
64
90
63
91
72
37
37
59
28
71
80
87
56
90
41
70
52
65
11
69
17
61
83
51
12
0
6
38
67
64
89
32
54
4
75
79
41
12
38
69
36
70
56
44
60
49
14
65
14
26
86
83
39
69
35
52
21
93
90
89
9
31
73
64
35
48
95
77
13
33
98
49
55
55
93
68
56
60
33
23
86
71
58
77
40
45
81
61
90
23
50
0
54
75
64
42
24
59
19
89
44
69
38
51
76
83
19
33
43
4
56
81
75
66
11
67
12
92
29
2
68
31
2
74
7
18
16
83
77
87
72
73
57
62
25
33
97
96
18
41
53
26
74
80
93
85
48
5
30
29
59
98
60
62
24
19
80
41
2
10
80
26
83
89
40
8
23
38
57
93
31
10
20
5
90
13
91
38
70
21
67
29
71
80
43
95
99
24
88
54
86
69
32
69
10
73
30
33
63
87
79
94
49
99
51
39
64
42
30
86
15
49
15
86
81
11
34
33
87
22
87
73
43
19
42
54
44
24
39
59
63
18
53
12
69
5
4
33
99
34
19
15
35
87
53
69
50
87
2
37
62
89
10
5
60
4
11
57
29
3
16
92
21
22
5
43
79
61
28
13
54
82
44
75
23
38
51
51
73
11
65
68
81
25
36
53
60
52
20
57
4
87
83
40
21
26
97
5
27
78
28
69
70
27
98
20
63
21
60
83
16
67
23
82
92
11
35
53
63
8
62
68
95
98
60
68
76
9
73
3
87
54
73
57
81
23
29
96
44
42
80
12
9
55
47
54
66
34
59
81
42
73
1
38
71
13
58
99
22
84
55
61
90
80
71
23
3
0
20
0
42
52
12
4
7
59
58
25
94
17
58
36
90
60
26
14
73
37
65
48
21
20
9
63
0
32
86
4
33
58
56
27
10
68
31
69
28
41
46
74
58
5
10
1
65
89
67
90
26
32
38
99
5
0
62
57
32
48
61
17
7
69
97
69
38
28
39
18
70
85
92
80
42
54
33
7
43
0
50
21
85
88
20
90
40
34
47
25
83
61
94
42
30
91
63
20
20
54
38
42
92
30
22
34
85
8
94
80
8
44
2
45
84
22
87
25
57
35
2
92
48
96
86
30
40
49
51
12
56
89
54
48
72
28
82
57
88
76
37
97
20
39
94
5
14
82
82
23
69
36
15
17
84
53
99
24
54
50
36
10
92
42
58
64
23
41
21
11
69
10
60
90
2
55
47
16
89
81
39
58
17
6
75
1
11
74
78
65
77
66
76
69
61
34
33
36
27
6
99
97
16
60
39
70
67
86
86
8
67
77
66
36
35
93
37
46
19
67
12
96
34
40
17
95
74
50
31
2
8
30
51
25
42
90
47
61
76
34
69
95
63
35
31
51
80
20
97
0
88
61
96
74
1
14
69
28
16
52
82
25
82
33
2
77
23
49
90
51
35
60
46
99
47
29
2
28
49
99
28
89
13
76
63
66
90
84
94
59
36
76
84
71
9
38
0
84
39
90
35
75
50
81
26
50
62
28
78
64
79
58
53
44
34
42
41
14
24
58
54
9
58
64
54
81
19
16
18
60
99
63
6
63
18
99
5
70
1
77
11
29
28
12
86
17
55
79
83
79
89
37
89
47
53
75
77
10
62
86
70
97
93
17
61
28
24
17
66
58
59
66
93
59
86
9
57
35
46
30
95
2
17
16
96
13
92
74
23
6
60
94
3
6
63
16
66
49
96
21
48
5
69
66
96
51
77
75
5
26
53
30
72
25
29
88
72
43
18
76
61
86
26
1
23
94
70
89
96
18
62
96
24
32
10
49
55
1
90
47
42
83
3
12
88
7
11
96
11
19
71
52
91
24
96
30
87
43
36
65
62
52
34
3
89
96
4
96
97
94
96
92
29
99
77
61
71
8
0
66
38
97
40
34
46
86
52
40
41
30
53
64
90